00000000000000011
01010000000000000
00000000000000100
01010000000000001
00000000000000000
01010000000000010
00000000001000101
01100000000000000
00000000001101110
01100000000000000
00000000001110100
01100000000000000
00000000001100101
01100000000000000
00000000001110010
01100000000000000
00000000000100000
01100000000000000
00000000001100001
01100000000000000
01100000000000000
01011000000000000
01010000000000000
01001000000000010
01111000000011011
00000000000000010
01101000000011100
00000011111111110
01010000000000001
01001000000000000
00000000000000000
01110000000000000
10001000000000000
01111000000101110
01001000000000000
01001000000000011
00100000000000000
00000011111111110
01001000000000001
00100000000000000
00010000000000000
01001000000000001
01001000000000000
00101000000000000
00011000000000000
01100000000000000
01101000001001001
00000000001100001
01100000000000000
00000000000100000
01100000000000000
00000000001101001
01100000000000000
00000000001110011
01100000000000000
00000000000100000
01100000000000000
00000000001101110
01100000000000000
00000000001100101
01100000000000000
00000000001100111
01100000000000000
00000000001100001
01100000000000000
00000000001110100
01100000000000000
00000000001101001
01100000000000000
00000000001110110
01100000000000000
00000000001100101
01100000000000000
01100000000000000
11000000000000000
00000000001000101
01100000000000000
00000000001101110
01100000000000000
00000000001110100
01100000000000000
00000000001100101
01100000000000000
00000000001110010
01100000000000000
00000000000100000
01100000000000000
00000000001101110
01100000000000000
00000000001110101
01100000000000000
00000000001101101
01100000000000000
00000000001100010
01100000000000000
00000000001100101
01100000000000000
00000000001110010
01100000000000000
00000000000100000
01100000000000000
00000000001101111
01100000000000000
00000000001100110
01100000000000000
00000000000100000
01100000000000000
00000000001101001
01100000000000000
00000000001110100
01100000000000000
00000000001100101
01100000000000000
00000000001110010
01100000000000000
00000000001100001
01100000000000000
00000000001110100
01100000000000000
00000000001101001
01100000000000000
00000000001101111
01100000000000000
00000000001101110
01100000000000000
00000000001110011
01100000000000000
01100000000000000
01010000000000100
00000000000000001
01010000000000101
01001000000000100
01001000000000101
00011000000000000
01111000010010000
01001000000000000
01001000000000001
01001000000000101
10111000000011101
01001000000000101
00000000000000001
00010000000000000
01010000000000101
01101000010000011
11000000000000000
10111000001001010