00000000000001100001
00001100000000000000
00000000000000100000
00001100000000000000
00000000000001101001
00001100000000000000
00000000000001110011
00001100000000000000
00000000000000100000
00001100000000000000
00000000000001101110
00001100000000000000
00000000000001100101
00001100000000000000
00000000000001100111
00001100000000000000
00000000000001100001
00001100000000000000
00000000000001110100
00001100000000000000
00000000000001101001
00001100000000000000
00000000000001110110
00001100000000000000
00000000000001100101
00001100000000000000
00001100000000000000
00011000000000000000
00010111000000000000